0 0.5 0.7044025157232705 0.9937106918238996 0.5911949685534591
0 0.690251572327044 0.4937106918238993 0.11635220125786158 0.09433962264150945
0 0.7767295597484277 0.7452830188679245 0.037735849056603855 0.2452830188679246
0 0.9465408805031446 0.6698113207547169 0.1069182389937108 0.2955974842767296
0 0.9433962264150944 0.9025157232704402 0.1069182389937108 0.1069182389937108
0 0.06918238993710692 0.9245283018867925 0.1320754716981132 0.15094339622641506
0 0.7091194968553459 0.6981132075471698 0.03459119496855347 0.12578616352201255
0 0.6242138364779874 0.7358490566037735 0.04716981132075464 0.3018867924528301
0 0.330188679245283 0.5754716981132075 0.044025157232704434 0.169811320754717
0 0.3915094339622641 0.5314465408805031 0.05974842767295594 0.09433962264150945
0 0.5345911949685535 0.8018867924528301 0.5849056603773586 0.39622641509433965
0 0.0660377358490566 0.6320754716981132 0.12578616352201258 0.3962264150943396
